111222
112022
112122
112202
112212
112220
112221
112223
112224
112225
112226
112227
112228
112229
112232
112242
112252
112262
112272
112282
112292
112322
112422
112522
112622
112722
112822
112922
113222
114222
115222
116222
117222
118222
119222
120022
120122
120202
120212
120220
120221
120223
120224
120225
120226
120227
120228
120229
120232
120242
120252
120262
120272
120282
120292
120322
120422
120522
120622
120722
120822
120922
121022
121122
121202
121212
121220
121221
121223
121224
121225
121226
121227
121228
121229
121232
121242
121252
121262
121272
121282
121292
121322
121422
121522
121622
121722
121822
121922
122002
122012
122020
122021
122023
122024
122025
122026
122027
122028
122029
122032
122042
122052
122062
122072
122082
122092
122102
122112
122120
122121
122123
122124
122125
122126
122127
122128
122129
122132
122142
122152
122162
122172
122182
122192
122200
122201
122203
122204
122205
122206
122207
122208
122209
122210
122211
122213
122214
122215
122216
122217
122218
122219
122230
122231
122233
122234
122235
122236
122237
122238
122239
122240
122241
122243
122244
122245
122246
122247
122248
122249
122250
122251
122253
122254
122255
122256
122257
122258
122259
122260
122261
122263
122264
122265
122266
122267
122268
122269
122270
122271
122273
122274
122275
122276
122277
122278
122279
122280
122281
122283
122284
122285
122286
122287
122288
122289
122290
122291
122293
122294
122295
122296
122297
122298
122299
122302
122312
122320
122321
122323
122324
122325
122326
122327
122328
122329
122332
122342
122352
122362
122372
122382
122392
122402
122412
122420
122421
122423
122424
122425
122426
122427
122428
122429
122432
122442
122452
122462
122472
122482
122492
122502
122512
122520
122521
122523
122524
122525
122526
122527
122528
122529
122532
122542
122552
122562
122572
122582
122592
122602
122612
122620
122621
122623
122624
122625
122626
122627
122628
122629
122632
122642
122652
122662
122672
122682
122692
122702
122712
122720
122721
122723
122724
122725
122726
122727
122728
122729
122732
122742
122752
122762
122772
122782
122792
122802
122812
122820
122821
122823
122824
122825
122826
122827
122828
122829
122832
122842
122852
122862
122872
122882
122892
122902
122912
122920
122921
122923
122924
122925
122926
122927
122928
122929
122932
122942
122952
122962
122972
122982
122992
123022
123122
123202
123212
123220
123221
123223
123224
123225
123226
123227
123228
123229
123232
123242
123252
123262
123272
123282
123292
123322
123422
123522
123622
123722
123822
123922
124022
124122
124202
124212
124220
124221
124223
124224
124225
124226
124227
124228
124229
124232
124242
124252
124262
124272
124282
124292
124322
124422
124522
124622
124722
124822
124922
125022
125122
125202
125212
125220
125221
125223
125224
125225
125226
125227
125228
125229
125232
125242
125252
125262
125272
125282
125292
125322
125422
125522
125622
125722
125822
125922
126022
126122
126202
126212
126220
126221
126223
126224
126225
126226
126227
126228
126229
126232
126242
126252
126262
126272
126282
126292
126322
126422
126522
126622
126722
126822
126922
127022
127122
127202
127212
127220
127221
127223
127224
127225
127226
127227
127228
127229
127232
127242
127252
127262
127272
127282
127292
127322
127422
127522
127622
127722
127822
127922
128022
128122
128202
128212
128220
128221
128223
128224
128225
128226
128227
128228
128229
128232
128242
128252
128262
128272
128282
128292
128322
128422
128522
128622
128722
128822
128922
129022
129122
129202
129212
129220
129221
129223
129224
129225
129226
129227
129228
129229
129232
129242
129252
129262
129272
129282
129292
129322
129422
129522
129622
129722
129822
129922
130222
131222
132022
132122
132202
132212
132220
132221
132223
132224
132225
132226
132227
132228
132229
132232
132242
132252
132262
132272
132282
132292
132322
132422
132522
132622
132722
132822
132922
133222
134222
135222
136222
137222
138222
139222
140222
141222
142022
142122
142202
142212
142220
142221
142223
142224
142225
142226
142227
142228
142229
142232
142242
142252
142262
142272
142282
142292
142322
142422
142522
142622
142722
142822
142922
143222
144222
145222
146222
147222
148222
149222
150222
151222
152022
152122
152202
152212
152220
152221
152223
152224
152225
152226
152227
152228
152229
152232
152242
152252
152262
152272
152282
152292
152322
152422
152522
152622
152722
152822
152922
153222
154222
155222
156222
157222
158222
159222
160222
161222
162022
162122
162202
162212
162220
162221
162223
162224
162225
162226
162227
162228
162229
162232
162242
162252
162262
162272
162282
162292
162322
162422
162522
162622
162722
162822
162922
163222
164222
165222
166222
167222
168222
169222
170222
171222
172022
172122
172202
172212
172220
172221
172223
172224
172225
172226
172227
172228
172229
172232
172242
172252
172262
172272
172282
172292
172322
172422
172522
172622
172722
172822
172922
173222
174222
175222
176222
177222
178222
179222
180222
181222
182022
182122
182202
182212
182220
182221
182223
182224
182225
182226
182227
182228
182229
182232
182242
182252
182262
182272
182282
182292
182322
182422
182522
182622
182722
182822
182922
183222
184222
185222
186222
187222
188222
189222
190222
191222
192022
192122
192202
192212
192220
192221
192223
192224
192225
192226
192227
192228
192229
192232
192242
192252
192262
192272
192282
192292
192322
192422
192522
192622
192722
192822
192922
193222
194222
195222
196222
197222
198222
199222
200022
200122
200202
200212
200220
200221
200223
200224
200225
200226
200227
200228
200229
200232
200242
200252
200262
200272
200282
200292
200322
200422
200522
200622
200722
200822
200922
201022
201122
201202
201212
201220
201221
201223
201224
201225
201226
201227
201228
201229
201232
201242
201252
201262
201272
201282
201292
201322
201422
201522
201622
201722
201822
201922
202002
202012
202020
202021
202023
202024
202025
202026
202027
202028
202029
202032
202042
202052
202062
202072
202082
202092
202102
202112
202120
202121
202123
202124
202125
202126
202127
202128
202129
202132
202142
202152
202162
202172
202182
202192
202200
202201
202203
202204
202205
202206
202207
202208
202209
202210
202211
202213
202214
202215
202216
202217
202218
202219
202230
202231
202233
202234
202235
202236
202237
202238
202239
202240
202241
202243
202244
202245
202246
202247
202248
202249
202250
202251
202253
202254
202255
202256
202257
202258
202259
202260
202261
202263
202264
202265
202266
202267
202268
202269
202270
202271
202273
202274
202275
202276
202277
202278
202279
202280
202281
202283
202284
202285
202286
202287
202288
202289
202290
202291
202293
202294
202295
202296
202297
202298
202299
202302
202312
202320
202321
202323
202324
202325
202326
202327
202328
202329
202332
202342
202352
202362
202372
202382
202392
202402
202412
202420
202421
202423
202424
202425
202426
202427
202428
202429
202432
202442
202452
202462
202472
202482
202492
202502
202512
202520
202521
202523
202524
202525
202526
202527
202528
202529
202532
202542
202552
202562
202572
202582
202592
202602
202612
202620
202621
202623
202624
202625
202626
202627
202628
202629
202632
202642
202652
202662
202672
202682
202692
202702
202712
202720
202721
202723
202724
202725
202726
202727
202728
202729
202732
202742
202752
202762
202772
202782
202792
202802
202812
202820
202821
202823
202824
202825
202826
202827
202828
202829
202832
202842
202852
202862
202872
202882
202892
202902
202912
202920
202921
202923
202924
202925
202926
202927
202928
202929
202932
202942
202952
202962
202972
202982
202992
203022
203122
203202
203212
203220
203221
203223
203224
203225
203226
203227
203228
203229
203232
203242
203252
203262
203272
203282
203292
203322
203422
203522
203622
203722
203822
203922
204022
204122
204202
204212
204220
204221
204223
204224
204225
204226
204227
204228
204229
204232
204242
204252
204262
204272
204282
204292
204322
204422
204522
204622
204722
204822
204922
205022
205122
205202
205212
205220
205221
205223
205224
205225
205226
205227
205228
205229
205232
205242
205252
205262
205272
205282
205292
205322
205422
205522
205622
205722
205822
205922
206022
206122
206202
206212
206220
206221
206223
206224
206225
206226
206227
206228
206229
206232
206242
206252
206262
206272
206282
206292
206322
206422
206522
206622
206722
206822
206922
207022
207122
207202
207212
207220
207221
207223
207224
207225
207226
207227
207228
207229
207232
207242
207252
207262
207272
207282
207292
207322
207422
207522
207622
207722
207822
207922
208022
208122
208202
208212
208220
208221
208223
208224
208225
208226
208227
208228
208229
208232
208242
208252
208262
208272
208282
208292
208322
208422
208522
208622
208722
208822
208922
209022
209122
209202
209212
209220
209221
209223
209224
209225
209226
209227
209228
209229
209232
209242
209252
209262
209272
209282
209292
209322
209422
209522
209622
209722
209822
209922
210022
210122
210202
210212
210220
210221
210223
210224
210225
210226
210227
210228
210229
210232
210242
210252
210262
210272
210282
210292
210322
210422
210522
210622
210722
210822
210922
211022
211122
211202
211212
211220
211221
211223
211224
211225
211226
211227
211228
211229
211232
211242
211252
211262
211272
211282
211292
211322
211422
211522
211622
211722
211822
211922
212002
212012
212020
212021
212023
212024
212025
212026
212027
212028
212029
212032
212042
212052
212062
212072
212082
212092
212102
212112
212120
212121
212123
212124
212125
212126
212127
212128
212129
212132
212142
212152
212162
212172
212182
212192
212200
212201
212203
212204
212205
212206
212207
212208
212209
212210
212211
212213
212214
212215
212216
212217
212218
212219
212230
212231
212233
212234
212235
212236
212237
212238
212239
212240
212241
212243
212244
212245
212246
212247
212248
212249
212250
212251
212253
212254
212255
212256
212257
212258
212259
212260
212261
212263
212264
212265
212266
212267
212268
212269
212270
212271
212273
212274
212275
212276
212277
212278
212279
212280
212281
212283
212284
212285
212286
212287
212288
212289
212290
212291
212293
212294
212295
212296
212297
212298
212299
212302
212312
212320
212321
212323
212324
212325
212326
212327
212328
212329
212332
212342
212352
212362
212372
212382
212392
212402
212412
212420
212421
212423
212424
212425
212426
212427
212428
212429
212432
212442
212452
212462
212472
212482
212492
212502
212512
212520
212521
212523
212524
212525
212526
212527
212528
212529
212532
212542
212552
212562
212572
212582
212592
212602
212612
212620
212621
212623
212624
212625
212626
212627
212628
212629
212632
212642
212652
212662
212672
212682
212692
212702
212712
212720
212721
212723
212724
212725
212726
212727
212728
212729
212732
212742
212752
212762
212772
212782
212792
212802
212812
212820
212821
212823
212824
212825
212826
212827
212828
212829
212832
212842
212852
212862
212872
212882
212892
212902
212912
212920
212921
212923
212924
212925
212926
212927
212928
212929
212932
212942
212952
212962
212972
212982
212992
213022
213122
213202
213212
213220
213221
213223
213224
213225
213226
213227
213228
213229
213232
213242
213252
213262
213272
213282
213292
213322
213422
213522
213622
213722
213822
213922
214022
214122
214202
214212
214220
214221
214223
214224
214225
214226
214227
214228
214229
214232
214242
214252
214262
214272
214282
214292
214322
214422
214522
214622
214722
214822
214922
215022
215122
215202
215212
215220
215221
215223
215224
215225
215226
215227
215228
215229
215232
215242
215252
215262
215272
215282
215292
215322
215422
215522
215622
215722
215822
215922
216022
216122
216202
216212
216220
216221
216223
216224
216225
216226
216227
216228
216229
216232
216242
216252
216262
216272
216282
216292
216322
216422
216522
216622
216722
216822
216922
217022
217122
217202
217212
217220
217221
217223
217224
217225
217226
217227
217228
217229
217232
217242
217252
217262
217272
217282
217292
217322
217422
217522
217622
217722
217822
217922
218022
218122
218202
218212
218220
218221
218223
218224
218225
218226
218227
218228
218229
218232
218242
218252
218262
218272
218282
218292
218322
218422
218522
218622
218722
218822
218922
219022
219122
219202
219212
219220
219221
219223
219224
219225
219226
219227
219228
219229
219232
219242
219252
219262
219272
219282
219292
219322
219422
219522
219622
219722
219822
219922
220002
220012
220020
220021
220023
220024
220025
220026
220027
220028
220029
220032
220042
220052
220062
220072
220082
220092
220102
220112
220120
220121
220123
220124
220125
220126
220127
220128
220129
220132
220142
220152
220162
220172
220182
220192
220200
220201
220203
220204
220205
220206
220207
220208
220209
220210
220211
220213
220214
220215
220216
220217
220218
220219
220230
220231
220233
220234
220235
220236
220237
220238
220239
220240
220241
220243
220244
220245
220246
220247
220248
220249
220250
220251
220253
220254
220255
220256
220257
220258
220259
220260
220261
220263
220264
220265
220266
220267
220268
220269
220270
220271
220273
220274
220275
220276
220277
220278
220279
220280
220281
220283
220284
220285
220286
220287
220288
220289
220290
220291
220293
220294
220295
220296
220297
220298
220299
220302
220312
220320
220321
220323
220324
220325
220326
220327
220328
220329
220332
220342
220352
220362
220372
220382
220392
220402
220412
220420
220421
220423
220424
220425
220426
220427
220428
220429
220432
220442
220452
220462
220472
220482
220492
220502
220512
220520
220521
220523
220524
220525
220526
220527
220528
220529
220532
220542
220552
220562
220572
220582
220592
220602
220612
220620
220621
220623
220624
220625
220626
220627
220628
220629
220632
220642
220652
220662
220672
220682
220692
220702
220712
220720
220721
220723
220724
220725
220726
220727
220728
220729
220732
220742
220752
220762
220772
220782
220792
220802
220812
220820
220821
220823
220824
220825
220826
220827
220828
220829
220832
220842
220852
220862
220872
220882
220892
220902
220912
220920
220921
220923
220924
220925
220926
220927
220928
220929
220932
220942
220952
220962
220972
220982
220992
221002
221012
221020
221021
221023
221024
221025
221026
221027
221028
221029
221032
221042
221052
221062
221072
221082
221092
221102
221112
221120
221121
221123
221124
221125
221126
221127
221128
221129
221132
221142
221152
221162
221172
221182
221192
221200
221201
221203
221204
221205
221206
221207
221208
221209
221210
221211
221213
221214
221215
221216
221217
221218
221219
221230
221231
221233
221234
221235
221236
221237
221238
221239
221240
221241
221243
221244
221245
221246
221247
221248
221249
221250
221251
221253
221254
221255
221256
221257
221258
221259
221260
221261
221263
221264
221265
221266
221267
221268
221269
221270
221271
221273
221274
221275
221276
221277
221278
221279
221280
221281
221283
221284
221285
221286
221287
221288
221289
221290
221291
221293
221294
221295
221296
221297
221298
221299
221302
221312
221320
221321
221323
221324
221325
221326
221327
221328
221329
221332
221342
221352
221362
221372
221382
221392
221402
221412
221420
221421
221423
221424
221425
221426
221427
221428
221429
221432
221442
221452
221462
221472
221482
221492
221502
221512
221520
221521
221523
221524
221525
221526
221527
221528
221529
221532
221542
221552
221562
221572
221582
221592
221602
221612
221620
221621
221623
221624
221625
221626
221627
221628
221629
221632
221642
221652
221662
221672
221682
221692
221702
221712
221720
221721
221723
221724
221725
221726
221727
221728
221729
221732
221742
221752
221762
221772
221782
221792
221802
221812
221820
221821
221823
221824
221825
221826
221827
221828
221829
221832
221842
221852
221862
221872
221882
221892
221902
221912
221920
221921
221923
221924
221925
221926
221927
221928
221929
221932
221942
221952
221962
221972
221982
221992
222000
222001
222003
222004
222005
222006
222007
222008
222009
222010
222011
222013
222014
222015
222016
222017
222018
222019
222030
222031
222033
222034
222035
222036
222037
222038
222039
222040
222041
222043
222044
222045
222046
222047
222048
222049
222050
222051
222053
222054
222055
222056
222057
222058
222059
222060
222061
222063
222064
222065
222066
222067
222068
222069
222070
222071
222073
222074
222075
222076
222077
222078
222079
222080
222081
222083
222084
222085
222086
222087
222088
222089
222090
222091
222093
222094
222095
222096
222097
222098
222099
222100
222101
222103
222104
222105
222106
222107
222108
222109
222110
222111
222113
222114
222115
222116
222117
222118
222119
222130
222131
222133
222134
222135
222136
222137
222138
222139
222140
222141
222143
222144
222145
222146
222147
222148
222149
222150
222151
222153
222154
222155
222156
222157
222158
222159
222160
222161
222163
222164
222165
222166
222167
222168
222169
222170
222171
222173
222174
222175
222176
222177
222178
222179
222180
222181
222183
222184
222185
222186
222187
222188
222189
222190
222191
222193
222194
222195
222196
222197
222198
222199
222300
222301
222303
222304
222305
222306
222307
222308
222309
222310
222311
222313
222314
222315
222316
222317
222318
222319
222330
222331
222333
222334
222335
222336
222337
222338
222339
222340
222341
222343
222344
222345
222346
222347
222348
222349
222350
222351
222353
222354
222355
222356
222357
222358
222359
222360
222361
222363
222364
222365
222366
222367
222368
222369
222370
222371
222373
222374
222375
222376
222377
222378
222379
222380
222381
222383
222384
222385
222386
222387
222388
222389
222390
222391
222393
222394
222395
222396
222397
222398
222399
222400
222401
222403
222404
222405
222406
222407
222408
222409
222410
222411
222413
222414
222415
222416
222417
222418
222419
222430
222431
222433
222434
222435
222436
222437
222438
222439
222440
222441
222443
222444
222445
222446
222447
222448
222449
222450
222451
222453
222454
222455
222456
222457
222458
222459
222460
222461
222463
222464
222465
222466
222467
222468
222469
222470
222471
222473
222474
222475
222476
222477
222478
222479
222480
222481
222483
222484
222485
222486
222487
222488
222489
222490
222491
222493
222494
222495
222496
222497
222498
222499
222500
222501
222503
222504
222505
222506
222507
222508
222509
222510
222511
222513
222514
222515
222516
222517
222518
222519
222530
222531
222533
222534
222535
222536
222537
222538
222539
222540
222541
222543
222544
222545
222546
222547
222548
222549
222550
222551
222553
222554
222555
222556
222557
222558
222559
222560
222561
222563
222564
222565
222566
222567
222568
222569
222570
222571
222573
222574
222575
222576
222577
222578
222579
222580
222581
222583
222584
222585
222586
222587
222588
222589
222590
222591
222593
222594
222595
222596
222597
222598
222599
222600
222601
222603
222604
222605
222606
222607
222608
222609
222610
222611
222613
222614
222615
222616
222617
222618
222619
222630
222631
222633
222634
222635
222636
222637
222638
222639
222640
222641
222643
222644
222645
222646
222647
222648
222649
222650
222651
222653
222654
222655
222656
222657
222658
222659
222660
222661
222663
222664
222665
222666
222667
222668
222669
222670
222671
222673
222674
222675
222676
222677
222678
222679
222680
222681
222683
222684
222685
222686
222687
222688
222689
222690
222691
222693
222694
222695
222696
222697
222698
222699
222700
222701
222703
222704
222705
222706
222707
222708
222709
222710
222711
222713
222714
222715
222716
222717
222718
222719
222730
222731
222733
222734
222735
222736
222737
222738
222739
222740
222741
222743
222744
222745
222746
222747
222748
222749
222750
222751
222753
222754
222755
222756
222757
222758
222759
222760
222761
222763
222764
222765
222766
222767
222768
222769
222770
222771
222773
222774
222775
222776
222777
222778
222779
222780
222781
222783
222784
222785
222786
222787
222788
222789
222790
222791
222793
222794
222795
222796
222797
222798
222799
222800
222801
222803
222804
222805
222806
222807
222808
222809
222810
222811
222813
222814
222815
222816
222817
222818
222819
222830
222831
222833
222834
222835
222836
222837
222838
222839
222840
222841
222843
222844
222845
222846
222847
222848
222849
222850
222851
222853
222854
222855
222856
222857
222858
222859
222860
222861
222863
222864
222865
222866
222867
222868
222869
222870
222871
222873
222874
222875
222876
222877
222878
222879
222880
222881
222883
222884
222885
222886
222887
222888
222889
222890
222891
222893
222894
222895
222896
222897
222898
222899
222900
222901
222903
222904
222905
222906
222907
222908
222909
222910
222911
222913
222914
222915
222916
222917
222918
222919
222930
222931
222933
222934
222935
222936
222937
222938
222939
222940
222941
222943
222944
222945
222946
222947
222948
222949
222950
222951
222953
222954
222955
222956
222957
222958
222959
222960
222961
222963
222964
222965
222966
222967
222968
222969
222970
222971
222973
222974
222975
222976
222977
222978
222979
222980
222981
222983
222984
222985
222986
222987
222988
222989
222990
222991
222993
222994
222995
222996
222997
222998
222999
223002
223012
223020
223021
223023
223024
223025
223026
223027
223028
223029
223032
223042
223052
223062
223072
223082
223092
223102
223112
223120
223121
223123
223124
223125
223126
223127
223128
223129
223132
223142
223152
223162
223172
223182
223192
223200
223201
223203
223204
223205
223206
223207
223208
223209
223210
223211
223213
223214
223215
223216
223217
223218
223219
223230
223231
223233
223234
223235
223236
223237
223238
223239
223240
223241
223243
223244
223245
223246
223247
223248
223249
223250
223251
223253
223254
223255
223256
223257
223258
223259
223260
223261
223263
223264
223265
223266
223267
223268
223269
223270
223271
223273
223274
223275
223276
223277
223278
223279
223280
223281
223283
223284
223285
223286
223287
223288
223289
223290
223291
223293
223294
223295
223296
223297
223298
223299
223302
223312
223320
223321
223323
223324
223325
223326
223327
223328
223329
223332
223342
223352
223362
223372
223382
223392
223402
223412
223420
223421
223423
223424
223425
223426
223427
223428
223429
223432
223442
223452
223462
223472
223482
223492
223502
223512
223520
223521
223523
223524
223525
223526
223527
223528
223529
223532
223542
223552
223562
223572
223582
223592
223602
223612
223620
223621
223623
223624
223625
223626
223627
223628
223629
223632
223642
223652
223662
223672
223682
223692
223702
223712
223720
223721
223723
223724
223725
223726
223727
223728
223729
223732
223742
223752
223762
223772
223782
223792
223802
223812
223820
223821
223823
223824
223825
223826
223827
223828
223829
223832
223842
223852
223862
223872
223882
223892
223902
223912
223920
223921
223923
223924
223925
223926
223927
223928
223929
223932
223942
223952
223962
223972
223982
223992
224002
224012
224020
224021
224023
224024
224025
224026
224027
224028
224029
224032
224042
224052
224062
224072
224082
224092
224102
224112
224120
224121
224123
224124
224125
224126
224127
224128
224129
224132
224142
224152
224162
224172
224182
224192
224200
224201
224203
224204
224205
224206
224207
224208
224209
224210
224211
224213
224214
224215
224216
224217
224218
224219
224230
224231
224233
224234
224235
224236
224237
224238
224239
224240
224241
224243
224244
224245
224246
224247
224248
224249
224250
224251
224253
224254
224255
224256
224257
224258
224259
224260
224261
224263
224264
224265
224266
224267
224268
224269
224270
224271
224273
224274
224275
224276
224277
224278
224279
224280
224281
224283
224284
224285
224286
224287
224288
224289
224290
224291
224293
224294
224295
224296
224297
224298
224299
224302
224312
224320
224321
224323
224324
224325
224326
224327
224328
224329
224332
224342
224352
224362
224372
224382
224392
224402
224412
224420
224421
224423
224424
224425
224426
224427
224428
224429
224432
224442
224452
224462
224472
224482
224492
224502
224512
224520
224521
224523
224524
224525
224526
224527
224528
224529
224532
224542
224552
224562
224572
224582
224592
224602
224612
224620
224621
224623
224624
224625
224626
224627
224628
224629
224632
224642
224652
224662
224672
224682
224692
224702
224712
224720
224721
224723
224724
224725
224726
224727
224728
224729
224732
224742
224752
224762
224772
224782
224792
224802
224812
224820
224821
224823
224824
224825
224826
224827
224828
224829
224832
224842
224852
224862
224872
224882
224892
224902
224912
224920
224921
224923
224924
224925
224926
224927
224928
224929
224932
224942
224952
224962
224972
224982
224992
225002
225012
225020
225021
225023
225024
225025
225026
225027
225028
225029
225032
225042
225052
225062
225072
225082
225092
225102
225112
225120
225121
225123
225124
225125
225126
225127
225128
225129
225132
225142
225152
225162
225172
225182
225192
225200
225201
225203
225204
225205
225206
225207
225208
225209
225210
225211
225213
225214
225215
225216
225217
225218
225219
225230
225231
225233
225234
225235
225236
225237
225238
225239
225240
225241
225243
225244
225245
225246
225247
225248
225249
225250
225251
225253
225254
225255
225256
225257
225258
225259
225260
225261
225263
225264
225265
225266
225267
225268
225269
225270
225271
225273
225274
225275
225276
225277
225278
225279
225280
225281
225283
225284
225285
225286
225287
225288
225289
225290
225291
225293
225294
225295
225296
225297
225298
225299
225302
225312
225320
225321
225323
225324
225325
225326
225327
225328
225329
225332
225342
225352
225362
225372
225382
225392
225402
225412
225420
225421
225423
225424
225425
225426
225427
225428
225429
225432
225442
225452
225462
225472
225482
225492
225502
225512
225520
225521
225523
225524
225525
225526
225527
225528
225529
225532
225542
225552
225562
225572
225582
225592
225602
225612
225620
225621
225623
225624
225625
225626
225627
225628
225629
225632
225642
225652
225662
225672
225682
225692
225702
225712
225720
225721
225723
225724
225725
225726
225727
225728
225729
225732
225742
225752
225762
225772
225782
225792
225802
225812
225820
225821
225823
225824
225825
225826
225827
225828
225829
225832
225842
225852
225862
225872
225882
225892
225902
225912
225920
225921
225923
225924
225925
225926
225927
225928
225929
225932
225942
225952
225962
225972
225982
225992
226002
226012
226020
226021
226023
226024
226025
226026
226027
226028
226029
226032
226042
226052
226062
226072
226082
226092
226102
226112
226120
226121
226123
226124
226125
226126
226127
226128
226129
226132
226142
226152
226162
226172
226182
226192
226200
226201
226203
226204
226205
226206
226207
226208
226209
226210
226211
226213
226214
226215
226216
226217
226218
226219
226230
226231
226233
226234
226235
226236
226237
226238
226239
226240
226241
226243
226244
226245
226246
226247
226248
226249
226250
226251
226253
226254
226255
226256
226257
226258
226259
226260
226261
226263
226264
226265
226266
226267
226268
226269
226270
226271
226273
226274
226275
226276
226277
226278
226279
226280
226281
226283
226284
226285
226286
226287
226288
226289
226290
226291
226293
226294
226295
226296
226297
226298
226299
226302
226312
226320
226321
226323
226324
226325
226326
226327
226328
226329
226332
226342
226352
226362
226372
226382
226392
226402
226412
226420
226421
226423
226424
226425
226426
226427
226428
226429
226432
226442
226452
226462
226472
226482
226492
226502
226512
226520
226521
226523
226524
226525
226526
226527
226528
226529
226532
226542
226552
226562
226572
226582
226592
226602
226612
226620
226621
226623
226624
226625
226626
226627
226628
226629
226632
226642
226652
226662
226672
226682
226692
226702
226712
226720
226721
226723
226724
226725
226726
226727
226728
226729
226732
226742
226752
226762
226772
226782
226792
226802
226812
226820
226821
226823
226824
226825
226826
226827
226828
226829
226832
226842
226852
226862
226872
226882
226892
226902
226912
226920
226921
226923
226924
226925
226926
226927
226928
226929
226932
226942
226952
226962
226972
226982
226992
227002
227012
227020
227021
227023
227024
227025
227026
227027
227028
227029
227032
227042
227052
227062
227072
227082
227092
227102
227112
227120
227121
227123
227124
227125
227126
227127
227128
227129
227132
227142
227152
227162
227172
227182
227192
227200
227201
227203
227204
227205
227206
227207
227208
227209
227210
227211
227213
227214
227215
227216
227217
227218
227219
227230
227231
227233
227234
227235
227236
227237
227238
227239
227240
227241
227243
227244
227245
227246
227247
227248
227249
227250
227251
227253
227254
227255
227256
227257
227258
227259
227260
227261
227263
227264
227265
227266
227267
227268
227269
227270
227271
227273
227274
227275
227276
227277
227278
227279
227280
227281
227283
227284
227285
227286
227287
227288
227289
227290
227291
227293
227294
227295
227296
227297
227298
227299
227302
227312
227320
227321
227323
227324
227325
227326
227327
227328
227329
227332
227342
227352
227362
227372
227382
227392
227402
227412
227420
227421
227423
227424
227425
227426
227427
227428
227429
227432
227442
227452
227462
227472
227482
227492
227502
227512
227520
227521
227523
227524
227525
227526
227527
227528
227529
227532
227542
227552
227562
227572
227582
227592
227602
227612
227620
227621
227623
227624
227625
227626
227627
227628
227629
227632
227642
227652
227662
227672
227682
227692
227702
227712
227720
227721
227723
227724
227725
227726
227727
227728
227729
227732
227742
227752
227762
227772
227782
227792
227802
227812
227820
227821
227823
227824
227825
227826
227827
227828
227829
227832
227842
227852
227862
227872
227882
227892
227902
227912
227920
227921
227923
227924
227925
227926
227927
227928
227929
227932
227942
227952
227962
227972
227982
227992
228002
228012
228020
228021
228023
228024
228025
228026
228027
228028
228029
228032
228042
228052
228062
228072
228082
228092
228102
228112
228120
228121
228123
228124
228125
228126
228127
228128
228129
228132
228142
228152
228162
228172
228182
228192
228200
228201
228203
228204
228205
228206
228207
228208
228209
228210
228211
228213
228214
228215
228216
228217
228218
228219
228230
228231
228233
228234
228235
228236
228237
228238
228239
228240
228241
228243
228244
228245
228246
228247
228248
228249
228250
228251
228253
228254
228255
228256
228257
228258
228259
228260
228261
228263
228264
228265
228266
228267
228268
228269
228270
228271
228273
228274
228275
228276
228277
228278
228279
228280
228281
228283
228284
228285
228286
228287
228288
228289
228290
228291
228293
228294
228295
228296
228297
228298
228299
228302
228312
228320
228321
228323
228324
228325
228326
228327
228328
228329
228332
228342
228352
228362
228372
228382
228392
228402
228412
228420
228421
228423
228424
228425
228426
228427
228428
228429
228432
228442
228452
228462
228472
228482
228492
228502
228512
228520
228521
228523
228524
228525
228526
228527
228528
228529
228532
228542
228552
228562
228572
228582
228592
228602
228612
228620
228621
228623
228624
228625
228626
228627
228628
228629
228632
228642
228652
228662
228672
228682
228692
228702
228712
228720
228721
228723
228724
228725
228726
228727
228728
228729
228732
228742
228752
228762
228772
228782
228792
228802
228812
228820
228821
228823
228824
228825
228826
228827
228828
228829
228832
228842
228852
228862
228872
228882
228892
228902
228912
228920
228921
228923
228924
228925
228926
228927
228928
228929
228932
228942
228952
228962
228972
228982
228992
229002
229012
229020
229021
229023
229024
229025
229026
229027
229028
229029
229032
229042
229052
229062
229072
229082
229092
229102
229112
229120
229121
229123
229124
229125
229126
229127
229128
229129
229132
229142
229152
229162
229172
229182
229192
229200
229201
229203
229204
229205
229206
229207
229208
229209
229210
229211
229213
229214
229215
229216
229217
229218
229219
229230
229231
229233
229234
229235
229236
229237
229238
229239
229240
229241
229243
229244
229245
229246
229247
229248
229249
229250
229251
229253
229254
229255
229256
229257
229258
229259
229260
229261
229263
229264
229265
229266
229267
229268
229269
229270
229271
229273
229274
229275
229276
229277
229278
229279
229280
229281
229283
229284
229285
229286
229287
229288
229289
229290
229291
229293
229294
229295
229296
229297
229298
229299
229302
229312
229320
229321
229323
229324
229325
229326
229327
229328
229329
229332
229342
229352
229362
229372
229382
229392
229402
229412
229420
229421
229423
229424
229425
229426
229427
229428
229429
229432
229442
229452
229462
229472
229482
229492
229502
229512
229520
229521
229523
229524
229525
229526
229527
229528
229529
229532
229542
229552
229562
229572
229582
229592
229602
229612
229620
229621
229623
229624
229625
229626
229627
229628
229629
229632
229642
229652
229662
229672
229682
229692
229702
229712
229720
229721
229723
229724
229725
229726
229727
229728
229729
229732
229742
229752
229762
229772
229782
229792
229802
229812
229820
229821
229823
229824
229825
229826
229827
229828
229829
229832
229842
229852
229862
229872
229882
229892
229902
229912
229920
229921
229923
229924
229925
229926
229927
229928
229929
229932
229942
229952
229962
229972
229982
229992
230022
230122
230202
230212
230220
230221
230223
230224
230225
230226
230227
230228
230229
230232
230242
230252
230262
230272
230282
230292
230322
230422
230522
230622
230722
230822
230922
231022
231122
231202
231212
231220
231221
231223
231224
231225
231226
231227
231228
231229
231232
231242
231252
231262
231272
231282
231292
231322
231422
231522
231622
231722
231822
231922
232002
232012
232020
232021
232023
232024
232025
232026
232027
232028
232029
232032
232042
232052
232062
232072
232082
232092
232102
232112
232120
232121
232123
232124
232125
232126
232127
232128
232129
232132
232142
232152
232162
232172
232182
232192
232200
232201
232203
232204
232205
232206
232207
232208
232209
232210
232211
232213
232214
232215
232216
232217
232218
232219
232230
232231
232233
232234
232235
232236
232237
232238
232239
232240
232241
232243
232244
232245
232246
232247
232248
232249
232250
232251
232253
232254
232255
232256
232257
232258
232259
232260
232261
232263
232264
232265
232266
232267
232268
232269
232270
232271
232273
232274
232275
232276
232277
232278
232279
232280
232281
232283
232284
232285
232286
232287
232288
232289
232290
232291
232293
232294
232295
232296
232297
232298
232299
232302
232312
232320
232321
232323
232324
232325
232326
232327
232328
232329
232332
232342
232352
232362
232372
232382
232392
232402
232412
232420
232421
232423
232424
232425
232426
232427
232428
232429
232432
232442
232452
232462
232472
232482
232492
232502
232512
232520
232521
232523
232524
232525
232526
232527
232528
232529
232532
232542
232552
232562
232572
232582
232592
232602
232612
232620
232621
232623
232624
232625
232626
232627
232628
232629
232632
232642
232652
232662
232672
232682
232692
232702
232712
232720
232721
232723
232724
232725
232726
232727
232728
232729
232732
232742
232752
232762
232772
232782
232792
232802
232812
232820
232821
232823
232824
232825
232826
232827
232828
232829
232832
232842
232852
232862
232872
232882
232892
232902
232912
232920
232921
232923
232924
232925
232926
232927
232928
232929
232932
232942
232952
232962
232972
232982
232992
233022
233122
233202
233212
233220
233221
233223
233224
233225
233226
233227
233228
233229
233232
233242
233252
233262
233272
233282
233292
233322
233422
233522
233622
233722
233822
233922
234022
234122
234202
234212
234220
234221
234223
234224
234225
234226
234227
234228
234229
234232
234242
234252
234262
234272
234282
234292
234322
234422
234522
234622
234722
234822
234922
235022
235122
235202
235212
235220
235221
235223
235224
235225
235226
235227
235228
235229
235232
235242
235252
235262
235272
235282
235292
235322
235422
235522
235622
235722
235822
235922
236022
236122
236202
236212
236220
236221
236223
236224
236225
236226
236227
236228
236229
236232
236242
236252
236262
236272
236282
236292
236322
236422
236522
236622
236722
236822
236922
237022
237122
237202
237212
237220
237221
237223
237224
237225
237226
237227
237228
237229
237232
237242
237252
237262
237272
237282
237292
237322
237422
237522
237622
237722
237822
237922
238022
238122
238202
238212
238220
238221
238223
238224
238225
238226
238227
238228
238229
238232
238242
238252
238262
238272
238282
238292
238322
238422
238522
238622
238722
238822
238922
239022
239122
239202
239212
239220
239221
239223
239224
239225
239226
239227
239228
239229
239232
239242
239252
239262
239272
239282
239292
239322
239422
239522
239622
239722
239822
239922
240022
240122
240202
240212
240220
240221
240223
240224
240225
240226
240227
240228
240229
240232
240242
240252
240262
240272
240282
240292
240322
240422
240522
240622
240722
240822
240922
241022
241122
241202
241212
241220
241221
241223
241224
241225
241226
241227
241228
241229
241232
241242
241252
241262
241272
241282
241292
241322
241422
241522
241622
241722
241822
241922
242002
242012
242020
242021
242023
242024
242025
242026
242027
242028
242029
242032
242042
242052
242062
242072
242082
242092
242102
242112
242120
242121
242123
242124
242125
242126
242127
242128
242129
242132
242142
242152
242162
242172
242182
242192
242200
242201
242203
242204
242205
242206
242207
242208
242209
242210
242211
242213
242214
242215
242216
242217
242218
242219
242230
242231
242233
242234
242235
242236
242237
242238
242239
242240
242241
242243
242244
242245
242246
242247
242248
242249
242250
242251
242253
242254
242255
242256
242257
242258
242259
242260
242261
242263
242264
242265
242266
242267
242268
242269
242270
242271
242273
242274
242275
242276
242277
242278
242279
242280
242281
242283
242284
242285
242286
242287
242288
242289
242290
242291
242293
242294
242295
242296
242297
242298
242299
242302
242312
242320
242321
242323
242324
242325
242326
242327
242328
242329
242332
242342
242352
242362
242372
242382
242392
242402
242412
242420
242421
242423
242424
242425
242426
242427
242428
242429
242432
242442
242452
242462
242472
242482
242492
242502
242512
242520
242521
242523
242524
242525
242526
242527
242528
242529
242532
242542
242552
242562
242572
242582
242592
242602
242612
242620
242621
242623
242624
242625
242626
242627
242628
242629
242632
242642
242652
242662
242672
242682
242692
242702
242712
242720
242721
242723
242724
242725
242726
242727
242728
242729
242732
242742
242752
242762
242772
242782
242792
242802
242812
242820
242821
242823
242824
242825
242826
242827
242828
242829
242832
242842
242852
242862
242872
242882
242892
242902
242912
242920
242921
242923
242924
242925
242926
242927
242928
242929
242932
242942
242952
242962
242972
242982
242992
243022
243122
243202
243212
243220
243221
243223
243224
243225
243226
243227
243228
243229
243232
243242
243252
243262
243272
243282
243292
243322
243422
243522
243622
243722
243822
243922
244022
244122
244202
244212
244220
244221
244223
244224
244225
244226
244227
244228
244229
244232
244242
244252
244262
244272
244282
244292
244322
244422
244522
244622
244722
244822
244922
245022
245122
245202
245212
245220
245221
245223
245224
245225
245226
245227
245228
245229
245232
245242
245252
245262
245272
245282
245292
245322
245422
245522
245622
245722
245822
245922
246022
246122
246202
246212
246220
246221
246223
246224
246225
246226
246227
246228
246229
246232
246242
246252
246262
246272
246282
246292
246322
246422
246522
246622
246722
246822
246922
247022
247122
247202
247212
247220
247221
247223
247224
247225
247226
247227
247228
247229
247232
247242
247252
247262
247272
247282
247292
247322
247422
247522
247622
247722
247822
247922
248022
248122
248202
248212
248220
248221
248223
248224
248225
248226
248227
248228
248229
248232
248242
248252
248262
248272
248282
248292
248322
248422
248522
248622
248722
248822
248922
249022
249122
249202
249212
249220
249221
249223
249224
249225
249226
249227
249228
249229
249232
249242
249252
249262
249272
249282
249292
249322
249422
249522
249622
249722
249822
249922
250022
250122
250202
250212
250220
250221
250223
250224
250225
250226
250227
250228
250229
250232
250242
250252
250262
250272
250282
250292
250322
250422
250522
250622
250722
250822
250922
251022
251122
251202
251212
251220
251221
251223
251224
251225
251226
251227
251228
251229
251232
251242
251252
251262
251272
251282
251292
251322
251422
251522
251622
251722
251822
251922
252002
252012
252020
252021
252023
252024
252025
252026
252027
252028
252029
252032
252042
252052
252062
252072
252082
252092
252102
252112
252120
252121
252123
252124
252125
252126
252127
252128
252129
252132
252142
252152
252162
252172
252182
252192
252200
252201
252203
252204
252205
252206
252207
252208
252209
252210
252211
252213
252214
252215
252216
252217
252218
252219
252230
252231
252233
252234
252235
252236
252237
252238
252239
252240
252241
252243
252244
252245
252246
252247
252248
252249
252250
252251
252253
252254
252255
252256
252257
252258
252259
252260
252261
252263
252264
252265
252266
252267
252268
252269
252270
252271
252273
252274
252275
252276
252277
252278
252279
252280
252281
252283
252284
252285
252286
252287
252288
252289
252290
252291
252293
252294
252295
252296
252297
252298
252299
252302
252312
252320
252321
252323
252324
252325
252326
252327
252328
252329
252332
252342
252352
252362
252372
252382
252392
252402
252412
252420
252421
252423
252424
252425
252426
252427
252428
252429
252432
252442
252452
252462
252472
252482
252492
252502
252512
252520
252521
252523
252524
252525
252526
252527
252528
252529
252532
252542
252552
252562
252572
252582
252592
252602
252612
252620
252621
252623
252624
252625
252626
252627
252628
252629
252632
252642
252652
252662
252672
252682
252692
252702
252712
252720
252721
252723
252724
252725
252726
252727
252728
252729
252732
252742
252752
252762
252772
252782
252792
252802
252812
252820
252821
252823
252824
252825
252826
252827
252828
252829
252832
252842
252852
252862
252872
252882
252892
252902
252912
252920
252921
252923
252924
252925
252926
252927
252928
252929
252932
252942
252952
252962
252972
252982
252992
253022
253122
253202
253212
253220
253221
253223
253224
253225
253226
253227
253228
253229
253232
253242
253252
253262
253272
253282
253292
253322
253422
253522
253622
253722
253822
253922
254022
254122
254202
254212
254220
254221
254223
254224
254225
254226
254227
254228
254229
254232
254242
254252
254262
254272
254282
254292
254322
254422
254522
254622
254722
254822
254922
255022
255122
255202
255212
255220
255221
255223
255224
255225
255226
255227
255228
255229
255232
255242
255252
255262
255272
255282
255292
255322
255422
255522
255622
255722
255822
255922
256022
256122
256202
256212
256220
256221
256223
256224
256225
256226
256227
256228
256229
256232
256242
256252
256262
256272
256282
256292
256322
256422
256522
256622
256722
256822
256922
257022
257122
257202
257212
257220
257221
257223
257224
257225
257226
257227
257228
257229
257232
257242
257252
257262
257272
257282
257292
257322
257422
257522
257622
257722
257822
257922
258022
258122
258202
258212
258220
258221
258223
258224
258225
258226
258227
258228
258229
258232
258242
258252
258262
258272
258282
258292
258322
258422
258522
258622
258722
258822
258922
259022
259122
259202
259212
259220
259221
259223
259224
259225
259226
259227
259228
259229
259232
259242
259252
259262
259272
259282
259292
259322
259422
259522
259622
259722
259822
259922
260022
260122
260202
260212
260220
260221
260223
260224
260225
260226
260227
260228
260229
260232
260242
260252
260262
260272
260282
260292
260322
260422
260522
260622
260722
260822
260922
261022
261122
261202
261212
261220
261221
261223
261224
261225
261226
261227
261228
261229
261232
261242
261252
261262
261272
261282
261292
261322
261422
261522
261622
261722
261822
261922
262002
262012
262020
262021
262023
262024
262025
262026
262027
262028
262029
262032
262042
262052
262062
262072
262082
262092
262102
262112
262120
262121
262123
262124
262125
262126
262127
262128
262129
262132
262142
262152
262162
262172
262182
262192
262200
262201
262203
262204
262205
262206
262207
262208
262209
262210
262211
262213
262214
262215
262216
262217
262218
262219
262230
262231
262233
262234
262235
262236
262237
262238
262239
262240
262241
262243
262244
262245
262246
262247
262248
262249
262250
262251
262253
262254
262255
262256
262257
262258
262259
262260
262261
262263
262264
262265
262266
262267
262268
262269
262270
262271
262273
262274
262275
262276
262277
262278
262279
262280
262281
262283
262284
262285
262286
262287
262288
262289
262290
262291
262293
262294
262295
262296
262297
262298
262299
262302
262312
262320
262321
262323
262324
262325
262326
262327
262328
262329
262332
262342
262352
262362
262372
262382
262392
262402
262412
262420
262421
262423
262424
262425
262426
262427
262428
262429
262432
262442
262452
262462
262472
262482
262492
262502
262512
262520
262521
262523
262524
262525
262526
262527
262528
262529
262532
262542
262552
262562
262572
262582
262592
262602
262612
262620
262621
262623
262624
262625
262626
262627
262628
262629
262632
262642
262652
262662
262672
262682
262692
262702
262712
262720
262721
262723
262724
262725
262726
262727
262728
262729
262732
262742
262752
262762
262772
262782
262792
262802
262812
262820
262821
262823
262824
262825
262826
262827
262828
262829
262832
262842
262852
262862
262872
262882
262892
262902
262912
262920
262921
262923
262924
262925
262926
262927
262928
262929
262932
262942
262952
262962
262972
262982
262992
263022
263122
263202
263212
263220
263221
263223
263224
263225
263226
263227
263228
263229
263232
263242
263252
263262
263272
263282
263292
263322
263422
263522
263622
263722
263822
263922
264022
264122
264202
264212
264220
264221
264223
264224
264225
264226
264227
264228
264229
264232
264242
264252
264262
264272
264282
264292
264322
264422
264522
264622
264722
264822
264922
265022
265122
265202
265212
265220
265221
265223
265224
265225
265226
265227
265228
265229
265232
265242
265252
265262
265272
265282
265292
265322
265422
265522
265622
265722
265822
265922
266022
266122
266202
266212
266220
266221
266223
266224
266225
266226
266227
266228
266229
266232
266242
266252
266262
266272
266282
266292
266322
266422
266522
266622
266722
266822
266922
267022
267122
267202
267212
267220
267221
267223
267224
267225
267226
267227
267228
267229
267232
267242
267252
267262
267272
267282
267292
267322
267422
267522
267622
267722
267822
267922
268022
268122
268202
268212
268220
268221
268223
268224
268225
268226
268227
268228
268229
268232
268242
268252
268262
268272
268282
268292
268322
268422
268522
268622
268722
268822
268922
269022
269122
269202
269212
269220
269221
269223
269224
269225
269226
269227
269228
269229
269232
269242
269252
269262
269272
269282
269292
269322
269422
269522
269622
269722
269822
269922
270022
270122
270202
270212
270220
270221
270223
270224
270225
270226
270227
270228
270229
270232
270242
270252
270262
270272
270282
270292
270322
270422
270522
270622
270722
270822
270922
271022
271122
271202
271212
271220
271221
271223
271224
271225
271226
271227
271228
271229
271232
271242
271252
271262
271272
271282
271292
271322
271422
271522
271622
271722
271822
271922
272002
272012
272020
272021
272023
272024
272025
272026
272027
272028
272029
272032
272042
272052
272062
272072
272082
272092
272102
272112
272120
272121
272123
272124
272125
272126
272127
272128
272129
272132
272142
272152
272162
272172
272182
272192
272200
272201
272203
272204
272205
272206
272207
272208
272209
272210
272211
272213
272214
272215
272216
272217
272218
272219
272230
272231
272233
272234
272235
272236
272237
272238
272239
272240
272241
272243
272244
272245
272246
272247
272248
272249
272250
272251
272253
272254
272255
272256
272257
272258
272259
272260
272261
272263
272264
272265
272266
272267
272268
272269
272270
272271
272273
272274
272275
272276
272277
272278
272279
272280
272281
272283
272284
272285
272286
272287
272288
272289
272290
272291
272293
272294
272295
272296
272297
272298
272299
272302
272312
272320
272321
272323
272324
272325
272326
272327
272328
272329
272332
272342
272352
272362
272372
272382
272392
272402
272412
272420
272421
272423
272424
272425
272426
272427
272428
272429
272432
272442
272452
272462
272472
272482
272492
272502
272512
272520
272521
272523
272524
272525
272526
272527
272528
272529
272532
272542
272552
272562
272572
272582
272592
272602
272612
272620
272621
272623
272624
272625
272626
272627
272628
272629
272632
272642
272652
272662
272672
272682
272692
272702
272712
272720
272721
272723
272724
272725
272726
272727
272728
272729
272732
272742
272752
272762
272772
272782
272792
272802
272812
272820
272821
272823
272824
272825
272826
272827
272828
272829
272832
272842
272852
272862
272872
272882
272892
272902
272912
272920
272921
272923
272924
272925
272926
272927
272928
272929
272932
272942
272952
272962
272972
272982
272992
273022
273122
273202
273212
273220
273221
273223
273224
273225
273226
273227
273228
273229
273232
273242
273252
273262
273272
273282
273292
273322
273422
273522
273622
273722
273822
273922
274022
274122
274202
274212
274220
274221
274223
274224
274225
274226
274227
274228
274229
274232
274242
274252
274262
274272
274282
274292
274322
274422
274522
274622
274722
274822
274922
275022
275122
275202
275212
275220
275221
275223
275224
275225
275226
275227
275228
275229
275232
275242
275252
275262
275272
275282
275292
275322
275422
275522
275622
275722
275822
275922
276022
276122
276202
276212
276220
276221
276223
276224
276225
276226
276227
276228
276229
276232
276242
276252
276262
276272
276282
276292
276322
276422
276522
276622
276722
276822
276922
277022
277122
277202
277212
277220
277221
277223
277224
277225
277226
277227
277228
277229
277232
277242
277252
277262
277272
277282
277292
277322
277422
277522
277622
277722
277822
277922
278022
278122
278202
278212
278220
278221
278223
278224
278225
278226
278227
278228
278229
278232
278242
278252
278262
278272
278282
278292
278322
278422
278522
278622
278722
278822
278922
279022
279122
279202
279212
279220
279221
279223
279224
279225
279226
279227
279228
279229
279232
279242
279252
279262
279272
279282
279292
279322
279422
279522
279622
279722
279822
279922
280022
280122
280202
280212
280220
280221
280223
280224
280225
280226
280227
280228
280229
280232
280242
280252
280262
280272
280282
280292
280322
280422
280522
280622
280722
280822
280922
281022
281122
281202
281212
281220
281221
281223
281224
281225
281226
281227
281228
281229
281232
281242
281252
281262
281272
281282
281292
281322
281422
281522
281622
281722
281822
281922
282002
282012
282020
282021
282023
282024
282025
282026
282027
282028
282029
282032
282042
282052
282062
282072
282082
282092
282102
282112
282120
282121
282123
282124
282125
282126
282127
282128
282129
282132
282142
282152
282162
282172
282182
282192
282200
282201
282203
282204
282205
282206
282207
282208
282209
282210
282211
282213
282214
282215
282216
282217
282218
282219
282230
282231
282233
282234
282235
282236
282237
282238
282239
282240
282241
282243
282244
282245
282246
282247
282248
282249
282250
282251
282253
282254
282255
282256
282257
282258
282259
282260
282261
282263
282264
282265
282266
282267
282268
282269
282270
282271
282273
282274
282275
282276
282277
282278
282279
282280
282281
282283
282284
282285
282286
282287
282288
282289
282290
282291
282293
282294
282295
282296
282297
282298
282299
282302
282312
282320
282321
282323
282324
282325
282326
282327
282328
282329
282332
282342
282352
282362
282372
282382
282392
282402
282412
282420
282421
282423
282424
282425
282426
282427
282428
282429
282432
282442
282452
282462
282472
282482
282492
282502
282512
282520
282521
282523
282524
282525
282526
282527
282528
282529
282532
282542
282552
282562
282572
282582
282592
282602
282612
282620
282621
282623
282624
282625
282626
282627
282628
282629
282632
282642
282652
282662
282672
282682
282692
282702
282712
282720
282721
282723
282724
282725
282726
282727
282728
282729
282732
282742
282752
282762
282772
282782
282792
282802
282812
282820
282821
282823
282824
282825
282826
282827
282828
282829
282832
282842
282852
282862
282872
282882
282892
282902
282912
282920
282921
282923
282924
282925
282926
282927
282928
282929
282932
282942
282952
282962
282972
282982
282992
283022
283122
283202
283212
283220
283221
283223
283224
283225
283226
283227
283228
283229
283232
283242
283252
283262
283272
283282
283292
283322
283422
283522
283622
283722
283822
283922
284022
284122
284202
284212
284220
284221
284223
284224
284225
284226
284227
284228
284229
284232
284242
284252
284262
284272
284282
284292
284322
284422
284522
284622
284722
284822
284922
285022
285122
285202
285212
285220
285221
285223
285224
285225
285226
285227
285228
285229
285232
285242
285252
285262
285272
285282
285292
285322
285422
285522
285622
285722
285822
285922
286022
286122
286202
286212
286220
286221
286223
286224
286225
286226
286227
286228
286229
286232
286242
286252
286262
286272
286282
286292
286322
286422
286522
286622
286722
286822
286922
287022
287122
287202
287212
287220
287221
287223
287224
287225
287226
287227
287228
287229
287232
287242
287252
287262
287272
287282
287292
287322
287422
287522
287622
287722
287822
287922
288022
288122
288202
288212
288220
288221
288223
288224
288225
288226
288227
288228
288229
288232
288242
288252
288262
288272
288282
288292
288322
288422
288522
288622
288722
288822
288922
289022
289122
289202
289212
289220
289221
289223
289224
289225
289226
289227
289228
289229
289232
289242
289252
289262
289272
289282
289292
289322
289422
289522
289622
289722
289822
289922
290022
290122
290202
290212
290220
290221
290223
290224
290225
290226
290227
290228
290229
290232
290242
290252
290262
290272
290282
290292
290322
290422
290522
290622
290722
290822
290922
291022
291122
291202
291212
291220
291221
291223
291224
291225
291226
291227
291228
291229
291232
291242
291252
291262
291272
291282
291292
291322
291422
291522
291622
291722
291822
291922
292002
292012
292020
292021
292023
292024
292025
292026
292027
292028
292029
292032
292042
292052
292062
292072
292082
292092
292102
292112
292120
292121
292123
292124
292125
292126
292127
292128
292129
292132
292142
292152
292162
292172
292182
292192
292200
292201
292203
292204
292205
292206
292207
292208
292209
292210
292211
292213
292214
292215
292216
292217
292218
292219
292230
292231
292233
292234
292235
292236
292237
292238
292239
292240
292241
292243
292244
292245
292246
292247
292248
292249
292250
292251
292253
292254
292255
292256
292257
292258
292259
292260
292261
292263
292264
292265
292266
292267
292268
292269
292270
292271
292273
292274
292275
292276
292277
292278
292279
292280
292281
292283
292284
292285
292286
292287
292288
292289
292290
292291
292293
292294
292295
292296
292297
292298
292299
292302
292312
292320
292321
292323
292324
292325
292326
292327
292328
292329
292332
292342
292352
292362
292372
292382
292392
292402
292412
292420
292421
292423
292424
292425
292426
292427
292428
292429
292432
292442
292452
292462
292472
292482
292492
292502
292512
292520
292521
292523
292524
292525
292526
292527
292528
292529
292532
292542
292552
292562
292572
292582
292592
292602
292612
292620
292621
292623
292624
292625
292626
292627
292628
292629
292632
292642
292652
292662
292672
292682
292692
292702
292712
292720
292721
292723
292724
292725
292726
292727
292728
292729
292732
292742
292752
292762
292772
292782
292792
292802
292812
292820
292821
292823
292824
292825
292826
292827
292828
292829
292832
292842
292852
292862
292872
292882
292892
292902
292912
292920
292921
292923
292924
292925
292926
292927
292928
292929
292932
292942
292952
292962
292972
292982
292992
293022
293122
293202
293212
293220
293221
293223
293224
293225
293226
293227
293228
293229
293232
293242
293252
293262
293272
293282
293292
293322
293422
293522
293622
293722
293822
293922
294022
294122
294202
294212
294220
294221
294223
294224
294225
294226
294227
294228
294229
294232
294242
294252
294262
294272
294282
294292
294322
294422
294522
294622
294722
294822
294922
295022
295122
295202
295212
295220
295221
295223
295224
295225
295226
295227
295228
295229
295232
295242
295252
295262
295272
295282
295292
295322
295422
295522
295622
295722
295822
295922
296022
296122
296202
296212
296220
296221
296223
296224
296225
296226
296227
296228
296229
296232
296242
296252
296262
296272
296282
296292
296322
296422
296522
296622
296722
296822
296922
297022
297122
297202
297212
297220
297221
297223
297224
297225
297226
297227
297228
297229
297232
297242
297252
297262
297272
297282
297292
297322
297422
297522
297622
297722
297822
297922
298022
298122
298202
298212
298220
298221
298223
298224
298225
298226
298227
298228
298229
298232
298242
298252
298262
298272
298282
298292
298322
298422
298522
298622
298722
298822
298922
299022
299122
299202
299212
299220
299221
299223
299224
299225
299226
299227
299228
299229
299232
299242
299252
299262
299272
299282
299292
299322
299422
299522
299622
299722
299822
299922
300222
301222
302022
302122
302202
302212
302220
302221
302223
302224
302225
302226
302227
302228
302229
302232
302242
302252
302262
302272
302282
302292
302322
302422
302522
302622
302722
302822
302922
303222
304222
305222
306222
307222
308222
309222
310222
311222
312022
312122
312202
312212
312220
312221
312223
312224
312225
312226
312227
312228
312229
312232
312242
312252
312262
312272
312282
312292
312322
312422
312522
312622
312722
312822
312922
313222
314222
315222
316222
317222
318222
319222
320022
320122
320202
320212
320220
320221
320223
320224
320225
320226
320227
320228
320229
320232
320242
320252
320262
320272
320282
320292
320322
320422
320522
320622
320722
320822
320922
321022
321122
321202
321212
321220
321221
321223
321224
321225
321226
321227
321228
321229
321232
321242
321252
321262
321272
321282
321292
321322
321422
321522
321622
321722
321822
321922
322002
322012
322020
322021
322023
322024
322025
322026
322027
322028
322029
322032
322042
322052
322062
322072
322082
322092
322102
322112
322120
322121
322123
322124
322125
322126
322127
322128
322129
322132
322142
322152
322162
322172
322182
322192
322200
322201
322203
322204
322205
322206
322207
322208
322209
322210
322211
322213
322214
322215
322216
322217
322218
322219
322230
322231
322233
322234
322235
322236
322237
322238
322239
322240
322241
322243
322244
322245
322246
322247
322248
322249
322250
322251
322253
322254
322255
322256
322257
322258
322259
322260
322261
322263
322264
322265
322266
322267
322268
322269
322270
322271
322273
322274
322275
322276
322277
322278
322279
322280
322281
322283
322284
322285
322286
322287
322288
322289
322290
322291
322293
322294
322295
322296
322297
322298
322299
322302
322312
322320
322321
322323
322324
322325
322326
322327
322328
322329
322332
322342
322352
322362
322372
322382
322392
322402
322412
322420
322421
322423
322424
322425
322426
322427
322428
322429
322432
322442
322452
322462
322472
322482
322492
322502
322512
322520
322521
322523
322524
322525
322526
322527
322528
322529
322532
322542
322552
322562
322572
322582
322592
322602
322612
322620
322621
322623
322624
322625
322626
322627
322628
322629
322632
322642
322652
322662
322672
322682
322692
322702
322712
322720
322721
322723
322724
322725
322726
322727
322728
322729
322732
322742
322752
322762
322772
322782
322792
322802
322812
322820
322821
322823
322824
322825
322826
322827
322828
322829
322832
322842
322852
322862
322872
322882
322892
322902
322912
322920
322921
322923
322924
322925
322926
322927
322928
322929
322932
322942
322952
322962
322972
322982
322992
323022
323122
323202
323212
323220
323221
323223
323224
323225
323226
323227
323228
323229
323232
323242
323252
323262
323272
323282
323292
323322
323422
323522
323622
323722
323822
323922
324022
324122
324202
324212
324220
324221
324223
324224
324225
324226
324227
324228
324229
324232
324242
324252
324262
324272
324282
324292
324322
324422
324522
324622
324722
324822
324922
325022
325122
325202
325212
325220
325221
325223
325224
325225
325226
325227
325228
325229
325232
325242
325252
325262
325272
325282
325292
325322
325422
325522
325622
325722
325822
325922
326022
326122
326202
326212
326220
326221
326223
326224
326225
326226
326227
326228
326229
326232
326242
326252
326262
326272
326282
326292
326322
326422
326522
326622
326722
326822
326922
327022
327122
327202
327212
327220
327221
327223
327224
327225
327226
327227
327228
327229
327232
327242
327252
327262
327272
327282
327292
327322
327422
327522
327622
327722
327822
327922
328022
328122
328202
328212
328220
328221
328223
328224
328225
328226
328227
328228
328229
328232
328242
328252
328262
328272
328282
328292
328322
328422
328522
328622
328722
328822
328922
329022
329122
329202
329212
329220
329221
329223
329224
329225
329226
329227
329228
329229
329232
329242
329252
329262
329272
329282
329292
329322
329422
329522
329622
329722
329822
329922
330222
331222
332022
332122
332202
332212
332220
332221
332223
332224
332225
332226
332227
332228
332229
332232
332242
332252
332262
332272
332282
332292
332322
332422
332522
332622
332722
332822
332922
333222
334222
335222
336222
337222
338222
339222
340222
341222
342022
342122
342202
342212
342220
342221
342223
342224
342225
342226
342227
342228
342229
342232
342242
342252
342262
342272
342282
342292
342322
342422
342522
342622
342722
342822
342922
343222
344222
345222
346222
347222
348222
349222
350222
351222
352022
352122
352202
352212
352220
352221
352223
352224
352225
352226
352227
352228
352229
352232
352242
352252
352262
352272
352282
352292
352322
352422
352522
352622
352722
352822
352922
353222
354222
355222
356222
357222
358222
359222
360222
361222
362022
362122
362202
362212
362220
362221
362223
362224
362225
362226
362227
362228
362229
362232
362242
362252
362262
362272
362282
362292
362322
362422
362522
362622
362722
362822
362922
363222
364222
365222
366222
367222
368222
369222
370222
371222
372022
372122
372202
372212
372220
372221
372223
372224
372225
372226
372227
372228
372229
372232
372242
372252
372262
372272
372282
372292
372322
372422
372522
372622
372722
372822
372922
373222
374222
375222
376222
377222
378222
379222
380222
381222
382022
382122
382202
382212
382220
382221
382223
382224
382225
382226
382227
382228
382229
382232
382242
382252
382262
382272
382282
382292
382322
382422
382522
382622
382722
382822
382922
383222
384222
385222
386222
387222
388222
389222
390222
391222
392022
392122
392202
392212
392220
392221
392223
392224
392225
392226
392227
392228
392229
392232
392242
392252
392262
392272
392282
392292
392322
392422
392522
392622
392722
392822
392922
393222
394222
395222
396222
397222
398222
399222
400222
401222
402022
402122
402202
402212
402220
402221
402223
402224
402225
402226
402227
402228
402229
402232
402242
402252
402262
402272
402282
402292
402322
402422
402522
402622
402722
402822
402922
403222
404222
405222
406222
407222
408222
409222
410222
411222
412022
412122
412202
412212
412220
412221
412223
412224
412225
412226
412227
412228
412229
412232
412242
412252
412262
412272
412282
412292
412322
412422
412522
412622
412722
412822
412922
413222
414222
415222
416222
417222
418222
419222
420022
420122
420202
420212
420220
420221
420223
420224
420225
420226
420227
420228
420229
420232
420242
420252
420262
420272
420282
420292
420322
420422
420522
420622
420722
420822
420922
421022
421122
421202
421212
421220
421221
421223
421224
421225
421226
421227
421228
421229
421232
421242
421252
421262
421272
421282
421292
421322
421422
421522
421622
421722
421822
421922
422002
422012
422020
422021
422023
422024
422025
422026
422027
422028
422029
422032
422042
422052
422062
422072
422082
422092
422102
422112
422120
422121
422123
422124
422125
422126
422127
422128
422129
422132
422142
422152
422162
422172
422182
422192
422200
422201
422203
422204
422205
422206
422207
422208
422209
422210
422211
422213
422214
422215
422216
422217
422218
422219
422230
422231
422233
422234
422235
422236
422237
422238
422239
422240
422241
422243
422244
422245
422246
422247
422248
422249
422250
422251
422253
422254
422255
422256
422257
422258
422259
422260
422261
422263
422264
422265
422266
422267
422268
422269
422270
422271
422273
422274
422275
422276
422277
422278
422279
422280
422281
422283
422284
422285
422286
422287
422288
422289
422290
422291
422293
422294
422295
422296
422297
422298
422299
422302
422312
422320
422321
422323
422324
422325
422326
422327
422328
422329
422332
422342
422352
422362
422372
422382
422392
422402
422412
422420
422421
422423
422424
422425
422426
422427
422428
422429
422432
422442
422452
422462
422472
422482
422492
422502
422512
422520
422521
422523
422524
422525
422526
422527
422528
422529
422532
422542
422552
422562
422572
422582
422592
422602
422612
422620
422621
422623
422624
422625
422626
422627
422628
422629
422632
422642
422652
422662
422672
422682
422692
422702
422712
422720
422721
422723
422724
422725
422726
422727
422728
422729
422732
422742
422752
422762
422772
422782
422792
422802
422812
422820
422821
422823
422824
422825
422826
422827
422828
422829
422832
422842
422852
422862
422872
422882
422892
422902
422912
422920
422921
422923
422924
422925
422926
422927
422928
422929
422932
422942
422952
422962
422972
422982
422992
423022
423122
423202
423212
423220
423221
423223
423224
423225
423226
423227
423228
423229
423232
423242
423252
423262
423272
423282
423292
423322
423422
423522
423622
423722
423822
423922
424022
424122
424202
424212
424220
424221
424223
424224
424225
424226
424227
424228
424229
424232
424242
424252
424262
424272
424282
424292
424322
424422
424522
424622
424722
424822
424922
425022
425122
425202
425212
425220
425221
425223
425224
425225
425226
425227
425228
425229
425232
425242
425252
425262
425272
425282
425292
425322
425422
425522
425622
425722
425822
425922
426022
426122
426202
426212
426220
426221
426223
426224
426225
426226
426227
426228
426229
426232
426242
426252
426262
426272
426282
426292
426322
426422
426522
426622
426722
426822
426922
427022
427122
427202
427212
427220
427221
427223
427224
427225
427226
427227
427228
427229
427232
427242
427252
427262
427272
427282
427292
427322
427422
427522
427622
427722
427822
427922
428022
428122
428202
428212
428220
428221
428223
428224
428225
428226
428227
428228
428229
428232
428242
428252
428262
428272
428282
428292
428322
428422
428522
428622
428722
428822
428922
429022
429122
429202
429212
429220
429221
429223
429224
429225
429226
429227
429228
429229
429232
429242
429252
429262
429272
429282
429292
429322
429422
429522
429622
429722
429822
429922
430222
431222
432022
432122
432202
432212
432220
432221
432223
432224
432225
432226
432227
432228
432229
432232
432242
432252
432262
432272
432282
432292
432322
432422
432522
432622
432722
432822
432922
433222
434222
435222
436222
437222
438222
439222
440222
441222
442022
442122
442202
442212
442220
442221
442223
442224
442225
442226
442227
442228
442229
442232
442242
442252
442262
442272
442282
442292
442322
442422
442522
442622
442722
442822
442922
443222
444222
445222
446222
447222
448222
449222
450222
451222
452022
452122
452202
452212
452220
452221
452223
452224
452225
452226
452227
452228
452229
452232
452242
452252
452262
452272
452282
452292
452322
452422
452522
452622
452722
452822
452922
453222
454222
455222
456222
457222
458222
459222
460222
461222
462022
462122
462202
462212
462220
462221
462223
462224
462225
462226
462227
462228
462229
462232
462242
462252
462262
462272
462282
462292
462322
462422
462522
462622
462722
462822
462922
463222
464222
465222
466222
467222
468222
469222
470222
471222
472022
472122
472202
472212
472220
472221
472223
472224
472225
472226
472227
472228
472229
472232
472242
472252
472262
472272
472282
472292
472322
472422
472522
472622
472722
472822
472922
473222
474222
475222
476222
477222
478222
479222
480222
481222
482022
482122
482202
482212
482220
482221
482223
482224
482225
482226
482227
482228
482229
482232
482242
482252
482262
482272
482282
482292
482322
482422
482522
482622
482722
482822
482922
483222
484222
485222
486222
487222
488222
489222
490222
491222
492022
492122
492202
492212
492220
492221
492223
492224
492225
492226
492227
492228
492229
492232
492242
492252
492262
492272
492282
492292
492322
492422
492522
492622
492722
492822
492922
493222
494222
495222
496222
497222
498222
499222
500222
501222
502022
502122
502202
502212
502220
502221
502223
502224
502225
502226
502227
502228
502229
502232
502242
502252
502262
502272
502282
502292
502322
502422
502522
502622
502722
502822
502922
503222
504222
505222
506222
507222
508222
509222
510222
511222
512022
512122
512202
512212
512220
512221
512223
512224
512225
512226
512227
512228
512229
512232
512242
512252
512262
512272
512282
512292
512322
512422
512522
512622
512722
512822
512922
513222
514222
515222
516222
517222
518222
519222
520022
520122
520202
520212
520220
520221
520223
520224
520225
520226
520227
520228
520229
520232
520242
520252
520262
520272
520282
520292
520322
520422
520522
520622
520722
520822
520922
521022
521122
521202
521212
521220
521221
521223
521224
521225
521226
521227
521228
521229
521232
521242
521252
521262
521272
521282
521292
521322
521422
521522
521622
521722
521822
521922
522002
522012
522020
522021
522023
522024
522025
522026
522027
522028
522029
522032
522042
522052
522062
522072
522082
522092
522102
522112
522120
522121
522123
522124
522125
522126
522127
522128
522129
522132
522142
522152
522162
522172
522182
522192
522200
522201
522203
522204
522205
522206
522207
522208
522209
522210
522211
522213
522214
522215
522216
522217
522218
522219
522230
522231
522233
522234
522235
522236
522237
522238
522239
522240
522241
522243
522244
522245
522246
522247
522248
522249
522250
522251
522253
522254
522255
522256
522257
522258
522259
522260
522261
522263
522264
522265
522266
522267
522268
522269
522270
522271
522273
522274
522275
522276
522277
522278
522279
522280
522281
522283
522284
522285
522286
522287
522288
522289
522290
522291
522293
522294
522295
522296
522297
522298
522299
522302
522312
522320
522321
522323
522324
522325
522326
522327
522328
522329
522332
522342
522352
522362
522372
522382
522392
522402
522412
522420
522421
522423
522424
522425
522426
522427
522428
522429
522432
522442
522452
522462
522472
522482
522492
522502
522512
522520
522521
522523
522524
522525
522526
522527
522528
522529
522532
522542
522552
522562
522572
522582
522592
522602
522612
522620
522621
522623
522624
522625
522626
522627
522628
522629
522632
522642
522652
522662
522672
522682
522692
522702
522712
522720
522721
522723
522724
522725
522726
522727
522728
522729
522732
522742
522752
522762
522772
522782
522792
522802
522812
522820
522821
522823
522824
522825
522826
522827
522828
522829
522832
522842
522852
522862
522872
522882
522892
522902
522912
522920
522921
522923
522924
522925
522926
522927
522928
522929
522932
522942
522952
522962
522972
522982
522992
523022
523122
523202
523212
523220
523221
523223
523224
523225
523226
523227
523228
523229
523232
523242
523252
523262
523272
523282
523292
523322
523422
523522
523622
523722
523822
523922
524022
524122
524202
524212
524220
524221
524223
524224
524225
524226
524227
524228
524229
524232
524242
524252
524262
524272
524282
524292
524322
524422
524522
524622
524722
524822
524922
525022
525122
525202
525212
525220
525221
525223
525224
525225
525226
525227
525228
525229
525232
525242
525252
525262
525272
525282
525292
525322
525422
525522
525622
525722
525822
525922
526022
526122
526202
526212
526220
526221
526223
526224
526225
526226
526227
526228
526229
526232
526242
526252
526262
526272
526282
526292
526322
526422
526522
526622
526722
526822
526922
527022
527122
527202
527212
527220
527221
527223
527224
527225
527226
527227
527228
527229
527232
527242
527252
527262
527272
527282
527292
527322
527422
527522
527622
527722
527822
527922
528022
528122
528202
528212
528220
528221
528223
528224
528225
528226
528227
528228
528229
528232
528242
528252
528262
528272
528282
528292
528322
528422
528522
528622
528722
528822
528922
529022
529122
529202
529212
529220
529221
529223
529224
529225
529226
529227
529228
529229
529232
529242
529252
529262
529272
529282
529292
529322
529422
529522
529622
529722
529822
529922
530222
531222
532022
532122
532202
532212
532220
532221
532223
532224
532225
532226
532227
532228
532229
532232
532242
532252
532262
532272
532282
532292
532322
532422
532522
532622
532722
532822
532922
533222
534222
535222
536222
537222
538222
539222
540222
541222
542022
542122
542202
542212
542220
542221
542223
542224
542225
542226
542227
542228
542229
542232
542242
542252
542262
542272
542282
542292
542322
542422
542522
542622
542722
542822
542922
543222
544222
545222
546222
547222
548222
549222
550222
551222
552022
552122
552202
552212
552220
552221
552223
552224
552225
552226
552227
552228
552229
552232
552242
552252
552262
552272
552282
552292
552322
552422
552522
552622
552722
552822
552922
553222
554222
555222
556222
557222
558222
559222
560222
561222
562022
562122
562202
562212
562220
562221
562223
562224
562225
562226
562227
562228
562229
562232
562242
562252
562262
562272
562282
562292
562322
562422
562522
562622
562722
562822
562922
563222
564222
565222
566222
567222
568222
569222
570222
571222
572022
572122
572202
572212
572220
572221
572223
572224
572225
572226
572227
572228
572229
572232
572242
572252
572262
572272
572282
572292
572322
572422
572522
572622
572722
572822
572922
573222
574222
575222
576222
577222
578222
579222
580222
581222
582022
582122
582202
582212
582220
582221
582223
582224
582225
582226
582227
582228
582229
582232
582242
582252
582262
582272
582282
582292
582322
582422
582522
582622
582722
582822
582922
583222
584222
585222
586222
587222
588222
589222
590222
591222
592022
592122
592202
592212
592220
592221
592223
592224
592225
592226
592227
592228
592229
592232
592242
592252
592262
592272
592282
592292
592322
592422
592522
592622
592722
592822
592922
593222
594222
595222
596222
597222
598222
599222
600222
601222
602022
602122
602202
602212
602220
602221
602223
602224
602225
602226
602227
602228
602229
602232
602242
602252
602262
602272
602282
602292
602322
602422
602522
602622
602722
602822
602922
603222
604222
605222
606222
607222
608222
609222
610222
611222
612022
612122
612202
612212
612220
612221
612223
612224
612225
612226
612227
612228
612229
612232
612242
612252
612262
612272
612282
612292
612322
612422
612522
612622
612722
612822
612922
613222
614222
615222
616222
617222
618222
619222
620022
620122
620202
620212
620220
620221
620223
620224
620225
620226
620227
620228
620229
620232
620242
620252
620262
620272
620282
620292
620322
620422
620522
620622
620722
620822
620922
621022
621122
621202
621212
621220
621221
621223
621224
621225
621226
621227
621228
621229
621232
621242
621252
621262
621272
621282
621292
621322
621422
621522
621622
621722
621822
621922
622002
622012
622020
622021
622023
622024
622025
622026
622027
622028
622029
622032
622042
622052
622062
622072
622082
622092
622102
622112
622120
622121
622123
622124
622125
622126
622127
622128
622129
622132
622142
622152
622162
622172
622182
622192
622200
622201
622203
622204
622205
622206
622207
622208
622209
622210
622211
622213
622214
622215
622216
622217
622218
622219
622230
622231
622233
622234
622235
622236
622237
622238
622239
622240
622241
622243
622244
622245
622246
622247
622248
622249
622250
622251
622253
622254
622255
622256
622257
622258
622259
622260
622261
622263
622264
622265
622266
622267
622268
622269
622270
622271
622273
622274
622275
622276
622277
622278
622279
622280
622281
622283
622284
622285
622286
622287
622288
622289
622290
622291
622293
622294
622295
622296
622297
622298
622299
622302
622312
622320
622321
622323
622324
622325
622326
622327
622328
622329
622332
622342
622352
622362
622372
622382
622392
622402
622412
622420
622421
622423
622424
622425
622426
622427
622428
622429
622432
622442
622452
622462
622472
622482
622492
622502
622512
622520
622521
622523
622524
622525
622526
622527
622528
622529
622532
622542
622552
622562
622572
622582
622592
622602
622612
622620
622621
622623
622624
622625
622626
622627
622628
622629
622632
622642
622652
622662
622672
622682
622692
622702
622712
622720
622721
622723
622724
622725
622726
622727
622728
622729
622732
622742
622752
622762
622772
622782
622792
622802
622812
622820
622821
622823
622824
622825
622826
622827
622828
622829
622832
622842
622852
622862
622872
622882
622892
622902
622912
622920
622921
622923
622924
622925
622926
622927
622928
622929
622932
622942
622952
622962
622972
622982
622992
623022
623122
623202
623212
623220
623221
623223
623224
623225
623226
623227
623228
623229
623232
623242
623252
623262
623272
623282
623292
623322
623422
623522
623622
623722
623822
623922
624022
624122
624202
624212
624220
624221
624223
624224
624225
624226
624227
624228
624229
624232
624242
624252
624262
624272
624282
624292
624322
624422
624522
624622
624722
624822
624922
625022
625122
625202
625212
625220
625221
625223
625224
625225
625226
625227
625228
625229
625232
625242
625252
625262
625272
625282
625292
625322
625422
625522
625622
625722
625822
625922
626022
626122
626202
626212
626220
626221
626223
626224
626225
626226
626227
626228
626229
626232
626242
626252
626262
626272
626282
626292
626322
626422
626522
626622
626722
626822
626922
627022
627122
627202
627212
627220
627221
627223
627224
627225
627226
627227
627228
627229
627232
627242
627252
627262
627272
627282
627292
627322
627422
627522
627622
627722
627822
627922
628022
628122
628202
628212
628220
628221
628223
628224
628225
628226
628227
628228
628229
628232
628242
628252
628262
628272
628282
628292
628322
628422
628522
628622
628722
628822
628922
629022
629122
629202
629212
629220
629221
629223
629224
629225
629226
629227
629228
629229
629232
629242
629252
629262
629272
629282
629292
629322
629422
629522
629622
629722
629822
629922
630222
631222
632022
632122
632202
632212
632220
632221
632223
632224
632225
632226
632227
632228
632229
632232
632242
632252
632262
632272
632282
632292
632322
632422
632522
632622
632722
632822
632922
633222
634222
635222
636222
637222
638222
639222
640222
641222
642022
642122
642202
642212
642220
642221
642223
642224
642225
642226
642227
642228
642229
642232
642242
642252
642262
642272
642282
642292
642322
642422
642522
642622
642722
642822
642922
643222
644222
645222
646222
647222
648222
649222
650222
651222
652022
652122
652202
652212
652220
652221
652223
652224
652225
652226
652227
652228
652229
652232
652242
652252
652262
652272
652282
652292
652322
652422
652522
652622
652722
652822
652922
653222
654222
655222
656222
657222
658222
659222
660222
661222
662022
662122
662202
662212
662220
662221
662223
662224
662225
662226
662227
662228
662229
662232
662242
662252
662262
662272
662282
662292
662322
662422
662522
662622
662722
662822
662922
663222
664222
665222
666222
667222
668222
669222
670222
671222
672022
672122
672202
672212
672220
672221
672223
672224
672225
672226
672227
672228
672229
672232
672242
672252
672262
672272
672282
672292
672322
672422
672522
672622
672722
672822
672922
673222
674222
675222
676222
677222
678222
679222
680222
681222
682022
682122
682202
682212
682220
682221
682223
682224
682225
682226
682227
682228
682229
682232
682242
682252
682262
682272
682282
682292
682322
682422
682522
682622
682722
682822
682922
683222
684222
685222
686222
687222
688222
689222
690222
691222
692022
692122
692202
692212
692220
692221
692223
692224
692225
692226
692227
692228
692229
692232
692242
692252
692262
692272
692282
692292
692322
692422
692522
692622
692722
692822
692922
693222
694222
695222
696222
697222
698222
699222
700222
701222
702022
702122
702202
702212
702220
702221
702223
702224
702225
702226
702227
702228
702229
702232
702242
702252
702262
702272
702282
702292
702322
702422
702522
702622
702722
702822
702922
703222
704222
705222
706222
707222
708222
709222
710222
711222
712022
712122
712202
712212
712220
712221
712223
712224
712225
712226
712227
712228
712229
712232
712242
712252
712262
712272
712282
712292
712322
712422
712522
712622
712722
712822
712922
713222
714222
715222
716222
717222
718222
719222
720022
720122
720202
720212
720220
720221
720223
720224
720225
720226
720227
720228
720229
720232
720242
720252
720262
720272
720282
720292
720322
720422
720522
720622
720722
720822
720922
721022
721122
721202
721212
721220
721221
721223
721224
721225
721226
721227
721228
721229
721232
721242
721252
721262
721272
721282
721292
721322
721422
721522
721622
721722
721822
721922
722002
722012
722020
722021
722023
722024
722025
722026
722027
722028
722029
722032
722042
722052
722062
722072
722082
722092
722102
722112
722120
722121
722123
722124
722125
722126
722127
722128
722129
722132
722142
722152
722162
722172
722182
722192
722200
722201
722203
722204
722205
722206
722207
722208
722209
722210
722211
722213
722214
722215
722216
722217
722218
722219
722230
722231
722233
722234
722235
722236
722237
722238
722239
722240
722241
722243
722244
722245
722246
722247
722248
722249
722250
722251
722253
722254
722255
722256
722257
722258
722259
722260
722261
722263
722264
722265
722266
722267
722268
722269
722270
722271
722273
722274
722275
722276
722277
722278
722279
722280
722281
722283
722284
722285
722286
722287
722288
722289
722290
722291
722293
722294
722295
722296
722297
722298
722299
722302
722312
722320
722321
722323
722324
722325
722326
722327
722328
722329
722332
722342
722352
722362
722372
722382
722392
722402
722412
722420
722421
722423
722424
722425
722426
722427
722428
722429
722432
722442
722452
722462
722472
722482
722492
722502
722512
722520
722521
722523
722524
722525
722526
722527
722528
722529
722532
722542
722552
722562
722572
722582
722592
722602
722612
722620
722621
722623
722624
722625
722626
722627
722628
722629
722632
722642
722652
722662
722672
722682
722692
722702
722712
722720
722721
722723
722724
722725
722726
722727
722728
722729
722732
722742
722752
722762
722772
722782
722792
722802
722812
722820
722821
722823
722824
722825
722826
722827
722828
722829
722832
722842
722852
722862
722872
722882
722892
722902
722912
722920
722921
722923
722924
722925
722926
722927
722928
722929
722932
722942
722952
722962
722972
722982
722992
723022
723122
723202
723212
723220
723221
723223
723224
723225
723226
723227
723228
723229
723232
723242
723252
723262
723272
723282
723292
723322
723422
723522
723622
723722
723822
723922
724022
724122
724202
724212
724220
724221
724223
724224
724225
724226
724227
724228
724229
724232
724242
724252
724262
724272
724282
724292
724322
724422
724522
724622
724722
724822
724922
725022
725122
725202
725212
725220
725221
725223
725224
725225
725226
725227
725228
725229
725232
725242
725252
725262
725272
725282
725292
725322
725422
725522
725622
725722
725822
725922
726022
726122
726202
726212
726220
726221
726223
726224
726225
726226
726227
726228
726229
726232
726242
726252
726262
726272
726282
726292
726322
726422
726522
726622
726722
726822
726922
727022
727122
727202
727212
727220
727221
727223
727224
727225
727226
727227
727228
727229
727232
727242
727252
727262
727272
727282
727292
727322
727422
727522
727622
727722
727822
727922
728022
728122
728202
728212
728220
728221
728223
728224
728225
728226
728227
728228
728229
728232
728242
728252
728262
728272
728282
728292
728322
728422
728522
728622
728722
728822
728922
729022
729122
729202
729212
729220
729221
729223
729224
729225
729226
729227
729228
729229
729232
729242
729252
729262
729272
729282
729292
729322
729422
729522
729622
729722
729822
729922
730222
731222
732022
732122
732202
732212
732220
732221
732223
732224
732225
732226
732227
732228
732229
732232
732242
732252
732262
732272
732282
732292
732322
732422
732522
732622
732722
732822
732922
733222
734222
735222
736222
737222
738222
739222
740222
741222
742022
742122
742202
742212
742220
742221
742223
742224
742225
742226
742227
742228
742229
742232
742242
742252
742262
742272
742282
742292
742322
742422
742522
742622
742722
742822
742922
743222
744222
745222
746222
747222
748222
749222
750222
751222
752022
752122
752202
752212
752220
752221
752223
752224
752225
752226
752227
752228
752229
752232
752242
752252
752262
752272
752282
752292
752322
752422
752522
752622
752722
752822
752922
753222
754222
755222
756222
757222
758222
759222
760222
761222
762022
762122
762202
762212
762220
762221
762223
762224
762225
762226
762227
762228
762229
762232
762242
762252
762262
762272
762282
762292
762322
762422
762522
762622
762722
762822
762922
763222
764222
765222
766222
767222
768222
769222
770222
771222
772022
772122
772202
772212
772220
772221
772223
772224
772225
772226
772227
772228
772229
772232
772242
772252
772262
772272
772282
772292
772322
772422
772522
772622
772722
772822
772922
773222
774222
775222
776222
777222
778222
779222
780222
781222
782022
782122
782202
782212
782220
782221
782223
782224
782225
782226
782227
782228
782229
782232
782242
782252
782262
782272
782282
782292
782322
782422
782522
782622
782722
782822
782922
783222
784222
785222
786222
787222
788222
789222
790222
791222
792022
792122
792202
792212
792220
792221
792223
792224
792225
792226
792227
792228
792229
792232
792242
792252
792262
792272
792282
792292
792322
792422
792522
792622
792722
792822
792922
793222
794222
795222
796222
797222
798222
799222
800222
801222
802022
802122
802202
802212
802220
802221
802223
802224
802225
802226
802227
802228
802229
802232
802242
802252
802262
802272
802282
802292
802322
802422
802522
802622
802722
802822
802922
803222
804222
805222
806222
807222
808222
809222
810222
811222
812022
812122
812202
812212
812220
812221
812223
812224
812225
812226
812227
812228
812229
812232
812242
812252
812262
812272
812282
812292
812322
812422
812522
812622
812722
812822
812922
813222
814222
815222
816222
817222
818222
819222
820022
820122
820202
820212
820220
820221
820223
820224
820225
820226
820227
820228
820229
820232
820242
820252
820262
820272
820282
820292
820322
820422
820522
820622
820722
820822
820922
821022
821122
821202
821212
821220
821221
821223
821224
821225
821226
821227
821228
821229
821232
821242
821252
821262
821272
821282
821292
821322
821422
821522
821622
821722
821822
821922
822002
822012
822020
822021
822023
822024
822025
822026
822027
822028
822029
822032
822042
822052
822062
822072
822082
822092
822102
822112
822120
822121
822123
822124
822125
822126
822127
822128
822129
822132
822142
822152
822162
822172
822182
822192
822200
822201
822203
822204
822205
822206
822207
822208
822209
822210
822211
822213
822214
822215
822216
822217
822218
822219
822230
822231
822233
822234
822235
822236
822237
822238
822239
822240
822241
822243
822244
822245
822246
822247
822248
822249
822250
822251
822253
822254
822255
822256
822257
822258
822259
822260
822261
822263
822264
822265
822266
822267
822268
822269
822270
822271
822273
822274
822275
822276
822277
822278
822279
822280
822281
822283
822284
822285
822286
822287
822288
822289
822290
822291
822293
822294
822295
822296
822297
822298
822299
822302
822312
822320
822321
822323
822324
822325
822326
822327
822328
822329
822332
822342
822352
822362
822372
822382
822392
822402
822412
822420
822421
822423
822424
822425
822426
822427
822428
822429
822432
822442
822452
822462
822472
822482
822492
822502
822512
822520
822521
822523
822524
822525
822526
822527
822528
822529
822532
822542
822552
822562
822572
822582
822592
822602
822612
822620
822621
822623
822624
822625
822626
822627
822628
822629
822632
822642
822652
822662
822672
822682
822692
822702
822712
822720
822721
822723
822724
822725
822726
822727
822728
822729
822732
822742
822752
822762
822772
822782
822792
822802
822812
822820
822821
822823
822824
822825
822826
822827
822828
822829
822832
822842
822852
822862
822872
822882
822892
822902
822912
822920
822921
822923
822924
822925
822926
822927
822928
822929
822932
822942
822952
822962
822972
822982
822992
823022
823122
823202
823212
823220
823221
823223
823224
823225
823226
823227
823228
823229
823232
823242
823252
823262
823272
823282
823292
823322
823422
823522
823622
823722
823822
823922
824022
824122
824202
824212
824220
824221
824223
824224
824225
824226
824227
824228
824229
824232
824242
824252
824262
824272
824282
824292
824322
824422
824522
824622
824722
824822
824922
825022
825122
825202
825212
825220
825221
825223
825224
825225
825226
825227
825228
825229
825232
825242
825252
825262
825272
825282
825292
825322
825422
825522
825622
825722
825822
825922
826022
826122
826202
826212
826220
826221
826223
826224
826225
826226
826227
826228
826229
826232
826242
826252
826262
826272
826282
826292
826322
826422
826522
826622
826722
826822
826922
827022
827122
827202
827212
827220
827221
827223
827224
827225
827226
827227
827228
827229
827232
827242
827252
827262
827272
827282
827292
827322
827422
827522
827622
827722
827822
827922
828022
828122
828202
828212
828220
828221
828223
828224
828225
828226
828227
828228
828229
828232
828242
828252
828262
828272
828282
828292
828322
828422
828522
828622
828722
828822
828922
829022
829122
829202
829212
829220
829221
829223
829224
829225
829226
829227
829228
829229
829232
829242
829252
829262
829272
829282
829292
829322
829422
829522
829622
829722
829822
829922
830222
831222
832022
832122
832202
832212
832220
832221
832223
832224
832225
832226
832227
832228
832229
832232
832242
832252
832262
832272
832282
832292
832322
832422
832522
832622
832722
832822
832922
833222
834222
835222
836222
837222
838222
839222
840222
841222
842022
842122
842202
842212
842220
842221
842223
842224
842225
842226
842227
842228
842229
842232
842242
842252
842262
842272
842282
842292
842322
842422
842522
842622
842722
842822
842922
843222
844222
845222
846222
847222
848222
849222
850222
851222
852022
852122
852202
852212
852220
852221
852223
852224
852225
852226
852227
852228
852229
852232
852242
852252
852262
852272
852282
852292
852322
852422
852522
852622
852722
852822
852922
853222
854222
855222
856222
857222
858222
859222
860222
861222
862022
862122
862202
862212
862220
862221
862223
862224
862225
862226
862227
862228
862229
862232
862242
862252
862262
862272
862282
862292
862322
862422
862522
862622
862722
862822
862922
863222
864222
865222
866222
867222
868222
869222
870222
871222
872022
872122
872202
872212
872220
872221
872223
872224
872225
872226
872227
872228
872229
872232
872242
872252
872262
872272
872282
872292
872322
872422
872522
872622
872722
872822
872922
873222
874222
875222
876222
877222
878222
879222
880222
881222
882022
882122
882202
882212
882220
882221
882223
882224
882225
882226
882227
882228
882229
882232
882242
882252
882262
882272
882282
882292
882322
882422
882522
882622
882722
882822
882922
883222
884222
885222
886222
887222
12885